MISMATCH events line 4
  A: 3 111005040500f000 0 00 00000000 ffffffff
  B: 
MISMATCH events line 5
  A: 4 0023060600000200 1 06 00000002 ffffffff
  B: 
MISMATCH mask-events line 1
  A: w=0 k=RET_KERNEL_WF pc=5 ft=0 pu=0 po=0 f=00
  B: 
MISMATCH state line 1
  A: SGPR 00000000 00000000 00000000 00000000 00000000 00000000 00000002 00000000 00000000 00000000 00000000 00000000 00000000 00000000 00000000 00000000 00000000 00000000 00000000 00000000 00000000 00000000 00000000 00000000 00000000 00000000 00000000 00000000 00000000 00000000 00000000 00000000 00000000 00000000 00000000 00000000 00000000 00000000 00000000 00000000 00000000 00000000 00000000 00000000 00000000 00000000 00000000 00000000 00000000 00000000 00000000 00000000 00000000 00000000 00000000 00000000 00000000 00000000 00000000 00000000 00000000 00000000 00000000 00000000
  B: SGPR 00000000 00000000 00000000 00000000 00000000 00000000 00000000 00000000 00000000 00000000 00000000 00000000 00000000 00000000 00000000 00000000 00000000 00000000 00000000 00000000 00000000 00000000 00000000 00000000 00000000 00000000 00000000 00000000 00000000 00000000 00000000 00000000 00000000 00000000 00000000 00000000 00000000 00000000 00000000 00000000 00000000 00000000 00000000 00000000 00000000 00000000 00000000 00000000 00000000 00000000 00000000 00000000 00000000 00000000 00000000 00000000 00000000 00000000 00000000 00000000 00000000 00000000 00000000 00000000
MISMATCH state line 4
  A: LIVE 00000000
  B: LIVE ffffffff
DONE mismatch:
 G:DONE retired=6 fault=0 code=00 pc=5 live=00000000
 R:DONE retired=3 fault=1 code=01 pc=3 live=ffffffff
[diff /tmp/opencode/m5rnd_wabjh7ha/s666] FAIL (6 mismatches)
